
--- Initial map of this field ---

   G   0   0   0   0   0   0   0   0   0   0   0
   0   0   0   0   0   0   0   0   0   0   0   0
   0   0   0   -   -   -   -   -   0   0   0   0
   0   0   0   0   0   0   0   0   0   0   0   0
   0   0   0   0   0   0   0   0   0   0   0   0
   0   0   0   0   0   0   0   0   0   0   0   0
   0   0   0   0   0   0   0   0   0   0   0   0
   0   0   0   0   0   0   0   0   0   0   0   0
   0   0   0   0   0   0   0   0   0   0   0   0
   0   0   0   0   0   0   0   0   0   0   0   0
   0   0   0   0   0   0   0   0   0   0   0   0
   0   0   0   0   0   0   0   0   0   0   0   S

--- The result of this field ---

  22  21  20   0   0   0   0   0   0   0   0   0
  21  20  19  20   0   0   0   0   0   0   0   0
   0  19  18   -   -   -   -   -   0   0   0   0
   0  18  17  16  15  14   0   0   0   0   0   0
   0   0  18  15  14  13  12   0   0   0   0   0
   0   0   0   0  13  12  11  10   0   0   0   0
   0   0   0   0   0  11  10   9   8   0   0   0
   0   0   0   0   0   0   9   8   7   6   0   0
   0   0   0   0   0   0   0   7   6   5   4   0
   0   0   0   0   0   0   0   0   5   4   3   2
   0   0   0   0   0   0   0   0   0   3   2   1
   0   0   0   0   0   0   0   0   0   0   1   S

Shortest Path costs 22 steps.

The cpu time : 84ms
