
--- Initial map of this field ---

   G   0   0   0   0   0   0   0   0   0   0   0
   0   0   0   0   0   0   0   0   0   0   0   0
   0   0   0   -   -   -   -   -   0   0   0   0
   0   0   0   0   0   0   0   0   0   0   0   0
   0   0   0   0   0   0   0   0   0   0   0   0
   0   0   0   0   0   0   0   0   0   0   0   0
   0   0   0   0   0   0   0   0   0   0   0   0
   0   0   0   0   0   0   0   0   0   0   0   0
   0   0   0   0   0   0   0   0   0   0   0   0
   0   0   0   0   0   0   0   0   0   0   0   0
   0   0   0   0   0   0   0   0   0   0   0   0
   0   0   0   0   0   0   0   0   0   0   0   S

--- The result of this field ---

  22  21  20  19  18  17  16  15  14  13  12  11
  21  20  19  18  17  16  15  14  13  12  11  10
  20  19  18   -   -   -   -   -  12  11  10   9
  19  18  17  16  15  14  13  12  11  10   9   8
  18  17  16  15  14  13  12  11  10   9   8   7
  17  16  15  14  13  12  11  10   9   8   7   6
  16  15  14  13  12  11  10   9   8   7   6   5
  15  14  13  12  11  10   9   8   7   6   5   4
  14  13  12  11  10   9   8   7   6   5   4   3
  13  12  11  10   9   8   7   6   5   4   3   2
  12  11  10   9   8   7   6   5   4   3   2   1
  11  10   9   8   7   6   5   4   3   2   1   S

Shortest Path costs 22 steps.

The cpu time : 111ms
