
--- Initial map of this field ---

   0   0   0   0   0   G   0   0   0   0   0   0
   0   0   0   0   0   0   0   0   0   0   0   0
   0   0   0   -   -   -   -   -   0   0   0   0
   0   0   0   0   0   0   0   0   0   0   0   0
   0   0   0   0   0   0   0   0   0   0   0   0
   0   0   0   0   0   0   0   0   0   0   0   0
   0   0   0   0   0   0   0   0   0   0   0   0
   0   0   0   0   0   0   0   0   0   0   0   0
   0   0   0   0   0   0   0   0   0   0   0   0
   0   0   0   0   0   0   0   0   0   0   0   0
   0   0   0   0   0   S   0   0   0   0   0   0
   0   0   0   0   0   0   0   0   0   0   0   0

--- The result of this field ---

   0   0  13  14  15  16  15  14  13   0   0   0
   0  13  12  13  14  15  14  13  12  13   0   0
   0  12  11   -   -   -   -   -  11  12   0   0
   0  11  10   9   8   7   8   9  10  11   0   0
  11  10   9   8   7   6   7   8   9  10  11   0
  10   9   8   7   6   5   6   7   8   9  10   0
   9   8   7   6   5   4   5   6   7   8   9   0
   8   7   6   5   4   3   4   5   6   7   8   0
   7   6   5   4   3   2   3   4   5   6   7   0
   6   5   4   3   2   1   2   3   4   5   6   0
   5   4   3   2   1   S   1   2   3   4   5   0
   0   5   4   3   2   1   2   3   4   5   0   0

Shortest Path costs 16 steps.

The cpu time : 120ms
